36254
24884
24495
41807
8164
65453
60545
708
26061
23039
16789
16401
32593
34258
39583
24231
54864
64393
29340
11048
59780
17430
59380
1151
19987
23117
52858
46336
64119
51673
32631
35746
3926
25319
63998
11508
38665
41228
10810
17111
42961
18975
41970
10257
6336
63214
59167
27472
33554
6216
31675
62114
41625
3777
8096
12063
44287
18267
42305
7770
55921
15130
28657
24306
57286
10111
6393
54542
23541
23170
21454
56637
26019
49655
44546
54860
15127
56471
3234
32574
11345
16031
33723
52299
54662
9449
16641
5734
42234
25720
8000
62196
926
47415
10380
18217
45322
43491
55474
57874
29380
2253
37553
52279
59706
28040
9025
43478
37951
49952
47605
51095
424
23838
53831
22350
5351
41977
41129
52539
60132
50044
48392
25711
17220
21439
42814
25838
38205
29610
2512
36308
8952
31402
10136
56267
59567
19180
63624
1628
11670
28168
9233
24460
39244
53217
15362
1847
59947
61128
33814
34909
64766
18763
53388
18721
38445
18679
60287
43041
60653
49936
50578
2503
5012
50157
62747
28715
2552
56449
40790
56990
12615
47952
31757
49395
28934
59134
52494
48304
11309
59689
43752
49480
2338
53388
12012
19225
63613
25006
47803
44284
6810
37350
52962
52286
31793
33165
42856
9491
52128
23585
48669
43002
25765
38858
41471
11762
29737
36349
32922
59206
43724
25725
46338
29201
30716
36184
36668
49185
10892
40462
57778
53812
31531
64898
16468
42672
60188
36539
63715
50731
21125
28499
54663
14054
55171
33900
38127
37785
1683
37955
34151
45097
44937
15685
58808
59981
40262
12782
5711
43709
60096
45935
29417
2080
9071
36790
1852
9463
8304
43758
37850
8300
40076
56440
21187
1144
18578
11425
8120
25994
5277
5769
36697
44528
54048
43447
50167
48367
3330
21603
36738
25651
9321
56101
33298
55508
57999
59583
43949
46486
32303
37115
4390
11391
39009
49412
36559
23779
48822
36255
17148
62104
43041
35147
46586
41305
43039
14668
6003
18224
5555
38227
53894
28551
37785
29273
56436
10571
2445
18997
58762
6904
36186
65316
37853
4640
41517
51372
15040
63229
55142
11955
56325
45673
33386
58428
24583
47884
47746
1362
49867
20585
57240
1943
54825
62847
24062
60115
15960
13184
30655
33538
32399
42418
6161
12331
33269
33921
58706
58775
47375
29887
18942
60055
2227
3098
15154
28343
48123
59997
25680
37506
64185
17147
45283
22773
61472
27048
8382
36050
34161
14743
27714
48207
345
47047
22693
17763
55795
63403
8996
2453
58337
19654
8227
51652
51303
5598
25757
44338
17817
46350
63278
58255
23096
32303
55032
15311
49619
55378
62285
35293
24647
29181
40063
42875
46448
4329
48568
8642
42387
11999
24226
24651
49234
40153
8978
28098
23020
52643
13362
61359
55409
6160
47873
15543
21422
16665
46243
37340
21027
23960
57164
57491
64162
44169
3993
36103
26707
25531
50006
13812
2418
41979
60724
35432
40637
25959
65027
36219
54879
19122
12500
301
53107
61769
16768
6231
32537
44664
30035
55249
54329
17758
19809
37246
9968
12446
16113
48269
33665
46097
24843
48492
29112
18393
27745
23001
10248
44554
38272
653
35099
26706
26045
30749
45423
29262
36567
52351
17719
27033
58710
21019
39756
21589
59150
42211
33972
21583
64410
56754
61315
65077
36100
60537
23491
7089
7305
36599
55280
4874
5052
59293
33957
26985
39543
10194
60073
7214
38711
24959
26543
19515
61199
31373
47981
47613
28046
33179
9196
19583
39124
41490
17397
42794
21539
36690
15566
9087
8355
5818
25675
15326
10738
18343
62608
5407
4058
13041
4954
50221
37240
6523
58941
46444
15668
12051
55119
11173
1458
5339
9599
46595
56202
22586
50322
13802
1818
39470
1441
12641
8947
18926
37213
47790
1723
56912
44142
52351
16895
16105
17215
8588
40624
10495
49372
61808
33286
8547
39701
43119
30900
19214
55458
22470
11972
57237
43836
54696
64649
10833
49972
2552
57028
44384
62234
54488
33130
26941
29621
6428
12095
18526
61988
25669
18125
8335
5869
15010
58251
1969
25623
26194
59925
22946
54599
40424
40235
32094
16137
8471
26641
30756
56412
25038
3877
45846
7025
46187
64102
2651
36523
13485
42030
39072
58728
21714
18990
34619
9062
54100
3272
3678
38320
26650
33399
23006
37763
19939
3963
4758
14408
46760
50807
14913
27769
13239
17058
64636
46490
33457
28803
15165
1104
2487
3215
23579
43663
31979
18495
9773
38391
47282
25597
2732
6918
15469
36729
46257
65530
62380
20479
13041
61839
5581
24244
63880
15127
61489
5114
40342
3677
60333
19294
53605
8520
11558
18774
22985
7877
55627
47889
34110
51511
28325
58843
61043
38357
26058
39050
57221
36170
34770
21262
40139
58822
17721
22553
54832
53410
1478
18401
57656
35163
35482
23219
37784
47043
20726
2970
19364
33645
38001
51191
6281
21966
25778
9667
64714
47671
60301
59595
59921
17011
52901
17537
37401
64301
49703
58721
15835
10248
17010
20402
3632
33627
49014
35515
57395
40042
45012
13461
22554
40871
19041
25884
40699
33436
29666
62202
16325
22385
37873
3557
23852
17984
61526
55857
37468
7015
14486
1230
4774
32103
36352
45357
44413
8594
28025
52614
58491
57416
61884
47772
11386
28382
21864
21537
12773
4583
62876
8938
48925
36282
18193
52195
60059
26550
51735
27501
62866
39048
33936
21828
49979
47543
32111
54065
53633
36332
8863
47441
58606
18356
2464
37655
14445
56399
41949
29108
34191
60291
62350
84
63461
45321
6888
1548
28138
9079
30784
19831
59431
57113
31848
32867
54243
64370
16209
44916
56879
8283
10281
23524
5782
32313
35845
8576
35425
2963
38625
55851
56008
9213
61579
57236
5440
22745
34906
7359
48696
42547
39278
62714
18411
62758
1025
47517
22682
48193
24884
59712
21060
62745
64537
49899
35164
34692
65193
43862
52480
44587
27173
25374
8572
57537
51823
22479
27149
7416
18734
16458
53515
19469
51881
23692
57854
17992
59657
53848
57375
5025
60922
51499
4464
28665
46013
47438
41816
60744
41253
20765
58785
58890
42153
59906
52290
39244
13565
41273
43934
32594
24341
14536
44578
7431
56448
12317
37319
15533
2114
25341
20485
38549
25922
40400
44944
11440
50985
14734
44325
10801
11916
3158
46007
13596
4734
63425
54512
13644
19913
38981
28006
33459
50089
8949
46151
50796
16691
15740
49381
10018
15294
35102
12745
21574
3018
